  1           0.0000000000           0.0000000000
  2        2718.2817382812           0.0000000000
  3        3747.0893554688           0.0000000000
  4        4915.5859375000           0.0000000000
  5        6184.6289062500           0.0000000000
  6        7511.8281250000           0.0000000000
  7        8869.1015625000           0.0000000000
  8       10225.2148437500           0.0001572537
  9       11544.3554687500           0.0007807973
 10       12815.9648437500           0.0020027540
 11       14034.8554687500           0.0039262362
 12       15186.5507812500           0.0066226870
 13       16261.3437500000           0.0101453625
 14       17253.2851562500           0.0145377778
 15       18159.0546875000           0.0198412985
 16       18976.9062500000           0.0261012912
 17       19705.2812500000           0.0333666317
 18       20337.8554687500           0.0416211672
 19       20873.9296875000           0.0508776009
 20       21313.4609375000           0.0611487366
 21       21656.6562500000           0.0724412203
 22       21904.0000000000           0.0847514272
 23       22056.5117187500           0.0980599523
 24       22116.0156250000           0.1123255491
 25       22085.5507812500           0.1274775863
 26       21969.7851562500           0.1434091330
 27       21775.4492187500           0.1599692106
 28       21509.2929687500           0.1770952344
 29       21177.8828125000           0.1947295070
 30       20787.5039062500           0.2128193974
 31       20344.1015625000           0.2313178182
 32       19853.2500000000           0.2501823306
 33       19320.1718750000           0.2693748474
 34       18749.7304687500           0.2888610959
 35       18146.5078125000           0.3086092472
 36       17514.8125000000           0.3285894394
 37       16858.7460937500           0.3487723470
 38       16182.2656250000           0.3691286445
 39       15489.6406250000           0.3896153569
 40       14785.0039062500           0.4101900458
 41       14072.3515625000           0.4308110476
 42       13355.5351562500           0.4514367580
 43       12638.2695312500           0.4720259905
 44       11924.1132812500           0.4925376773
 45       11216.4726562500           0.5129304528
 46       10518.5937500000           0.5331632495
 47        9833.5507812500           0.5531944036
 48        9164.2421875000           0.5729823112
 49        8513.3671875000           0.5924849510
 50        7883.4257812500           0.6116599441
 51        7276.7031250000           0.6304646730
 52        6695.2382812500           0.6488561630
 53        6140.6328125000           0.6667982340
 54        5614.0546875000           0.6842604876
 55        5116.2734375000           0.7012186050
 56        4647.6757812500           0.7176540494
 57        4208.3164062500           0.7335540652
 58        3797.9260253906           0.7489112616
 59        3415.9729003906           0.7637237310
 60        3061.6862792969           0.7779944539
 61        2734.1037597656           0.7917312384
 62        2432.1076660156           0.8049463034
 63        2154.4631347656           0.8176561594
 64        1899.8532714844           0.8298811913
 65        1666.9138183594           0.8416454196
 66        1454.8588867188           0.8529437780
 67        1262.7878417969           0.8637738824
 68        1089.7045898438           0.8741359115
 69         934.5424804688           0.8840326071
 70         796.1833496094           0.8934690356
 71         673.4777832031           0.9024525285
 72         565.2644042969           0.9109923840
 73         470.3850097656           0.9191000462
 74         387.7011718750           0.9267887473
 75         316.1064453125           0.9340734482
 76         254.5380706787           0.9409708977
 77         201.9866333008           0.9474993944
 78         157.5039367676           0.9536788464
 79         120.3665924072           0.9595043063
 80          89.8483581543           0.9649708867
 81          65.2265777588           0.9700738192
 82          45.7887115479           0.9748083353
 83          30.8388977051           0.9791694880
 84          19.7046661377           0.9831524491
 85          11.7435731888           0.9867522120
 86           6.3499698639           0.9899635911
 87           2.9616775513           0.9927812219
 88           1.0667209625           0.9951995611
 89           0.2100169659           0.9972127676
 90           0.0000000000           0.9988147020
 91           0.0000000000           1.0000000000
